Time 0
Waiting clients:
(7, 1, 3), (26, 1, 3), (68, 1, 7), (73, 1, 12), (116, 1, 10), (164, 1, 5), (165, 1, 11), (167, 1, 2), (177, 1, 5), (179, 1, 4), (225, 1, 9), (242, 1, 5), (256, 1, 4), (15, 2, 3), (22, 2, 11), (31, 2, 4), (70, 2, 12), (277, 2, 2), (290, 2, 3), (20, 3, 10), (76, 3, 6), (168, 3, 11), (189, 3, 11), (252, 3, 6), (270, 3, 7), (286, 3, 4), (54, 4, 1), (77, 4, 6), (115, 4, 11), (146, 4, 12), (211, 4, 1), (221, 4, 10), (240, 4, 2), (281, 4, 3), (3, 5, 1), (55, 5, 8), (72, 5, 1), (80, 5, 10), (93, 5, 5), (99, 5, 12), (140, 5, 11), (191, 5, 11), (209, 5, 12), (222, 5, 9), (237, 5, 10), (244, 5, 3), (247, 5, 3), (260, 5, 6), (263, 5, 5), (267, 5, 4), (274, 5, 7), (299, 5, 9), (39, 6, 1), (56, 6, 6), (60, 6, 4), (61, 6, 1), (105, 6, 6), (121, 6, 12), (199, 6, 12), (206, 6, 4), (266, 6, 3), (272, 6, 5), (297, 6, 8), (6, 7, 11), (89, 7, 8), (120, 7, 5), (136, 7, 10), (144, 7, 11), (173, 7, 1), (181, 7, 10), (201, 7, 10), (25, 8, 3), (32, 8, 12), (40, 8, 4), (57, 8, 8), (108, 8, 3), (124, 8, 6), (145, 8, 9), (205, 8, 8), (269, 8, 4), (279, 8, 6), (28, 9, 12), (37, 9, 11), (69, 9, 3), (71, 9, 1), (81, 9, 5), (106, 9, 12), (109, 9, 10), (133, 9, 8), (149, 9, 8), (159, 9, 11), (194, 9, 1), (216, 9, 7), (227, 9, 2), (280, 9, 9), (30, 10, 11), (52, 10, 9), (139, 10, 2), (188, 10, 7), (200, 10, 3), (208, 10, 7), (215, 10, 7), (233, 10, 11), (253, 10, 8), (255, 10, 2), (295, 10, 12), (38, 11, 5), (118, 11, 4), (123, 11, 3), (182, 11, 9), (18, 12, 6), (29, 12, 8), (95, 12, 6), (134, 12, 7), (175, 12, 7), (176, 12, 10), (193, 12, 9), (220, 12, 3), (231, 12, 12), (232, 12, 1), (291, 12, 11), (131, 13, 7), (163, 13, 12), (223, 13, 10), (2, 14, 7), (62, 14, 4), (126, 14, 9), (170, 14, 5), (190, 14, 8), (197, 14, 1), (235, 14, 8), (246, 14, 8), (1, 15, 4), (13, 15, 9), (43, 15, 10), (66, 15, 8), (112, 15, 11), (137, 15, 4), (172, 15, 1), (180, 15, 5), (278, 15, 11), (74, 16, 8), (150, 16, 4), (169, 16, 1), (294, 16, 4), (5, 17, 7), (17, 17, 12), (36, 17, 1), (59, 17, 4), (65, 17, 5), (79, 17, 4), (98, 17, 5), (104, 17, 12), (127, 17, 3), (148, 17, 4), (154, 17, 9), (213, 17, 7), (226, 17, 9), (268, 17, 12), (41, 18, 5), (67, 18, 3), (85, 18, 10), (97, 18, 4), (162, 18, 10), (217, 18, 2), (228, 18, 8), (229, 18, 6), (250, 18, 4), (257, 18, 10), (14, 19, 4), (23, 19, 1), (75, 19, 12), (84, 19, 6), (110, 19, 1), (113, 19, 1), (125, 19, 1), (152, 19, 4), (218, 19, 4), (219, 19, 9), (245, 19, 1), (265, 19, 12), (282, 19, 1), (8, 20, 1), (11, 20, 2), (48, 20, 7), (64, 20, 1), (82, 20, 12), (87, 20, 12), (107, 20, 4), (156, 20, 9), (285, 20, 6), (122, 21, 10), (132, 21, 11), (135, 21, 5), (143, 21, 3), (212, 21, 5), (234, 21, 8), (275, 21, 8), (33, 22, 7), (45, 22, 10), (46, 22, 9), (53, 22, 11), (63, 22, 10), (101, 22, 10), (138, 22, 4), (160, 22, 5), (47, 23, 8), (117, 23, 5), (142, 23, 4), (151, 23, 10), (174, 23, 12), (184, 23, 7), (202, 23, 6), (210, 23, 6), (289, 23, 6), (91, 24, 5), (114, 24, 11), (119, 24, 7), (128, 24, 8), (166, 24, 3), (259, 24, 4), (9, 25, 6), (19, 25, 11), (96, 25, 9), (158, 25, 12), (178, 25, 9), (207, 25, 12), (238, 25, 5), (287, 25, 12), (296, 25, 9), (10, 26, 11), (16, 26, 11), (42, 26, 9), (51, 26, 12), (83, 26, 11), (92, 26, 6), (171, 26, 1), (251, 26, 6), (292, 26, 6), (21, 27, 7), (34, 27, 7), (35, 27, 7), (58, 27, 11), (88, 27, 8), (129, 27, 6), (161, 27, 7), (214, 27, 10), (241, 27, 10), (258, 27, 1), (264, 27, 2), (271, 27, 12), (293, 27, 12), (78, 28, 3), (86, 28, 4), (90, 28, 12), (102, 28, 11), (147, 28, 9), (155, 28, 7), (185, 28, 11), (187, 28, 9), (192, 28, 5), (261, 28, 11), (4, 29, 2), (27, 29, 4), (49, 29, 5), (50, 29, 1), (103, 29, 2), (130, 29, 7), (153, 29, 12), (186, 29, 12), (224, 29, 11), (248, 29, 3), (273, 29, 9), (298, 29, 2), (94, 30, 10), (100, 30, 4), (111, 30, 8), (204, 30, 2), (243, 30, 12), (254, 30, 2), (276, 30, 4), (288, 30, 12), (183, 31, 8), (195, 31, 2), (230, 31, 10), (236, 31, 6), (249, 31, 9), (283, 31, 9), (284, 31, 12), (12, 32, 7), (24, 32, 6), (44, 32, 7), (141, 32, 6), (157, 32, 8), (196, 32, 9), (198, 32, 4), (203, 32, 9), (239, 32, 4), (262, 32, 1)
Queue 1: []
Queue 2: []
Queue 3: []
Queue 4: []
Queue 5: []
Queue 6: []
Queue 7: []
Queue 8: []
Queue 9: []
Queue 10: []
Queue 11: []
Queue 12: []
Queue 13: []
Queue 14: []
Queue 15: []
Queue 16: []
Queue 17: []
Queue 18: []
Queue 19: []
Queue 20: []
Queue 21: []
Queue 22: []
Queue 23: []

Time 1
Waiting clients:
(15, 2, 3), (22, 2, 11), (31, 2, 4), (70, 2, 12), (277, 2, 2), (290, 2, 3), (20, 3, 10), (76, 3, 6), (168, 3, 11), (189, 3, 11), (252, 3, 6), (270, 3, 7), (286, 3, 4), (54, 4, 1), (77, 4, 6), (115, 4, 11), (146, 4, 12), (211, 4, 1), (221, 4, 10), (240, 4, 2), (281, 4, 3), (3, 5, 1), (55, 5, 8), (72, 5, 1), (80, 5, 10), (93, 5, 5), (99, 5, 12), (140, 5, 11), (191, 5, 11), (209, 5, 12), (222, 5, 9), (237, 5, 10), (244, 5, 3), (247, 5, 3), (260, 5, 6), (263, 5, 5), (267, 5, 4), (274, 5, 7), (299, 5, 9), (39, 6, 1), (56, 6, 6), (60, 6, 4), (61, 6, 1), (105, 6, 6), (121, 6, 12), (199, 6, 12), (206, 6, 4), (266, 6, 3), (272, 6, 5), (297, 6, 8), (6, 7, 11), (89, 7, 8), (120, 7, 5), (136, 7, 10), (144, 7, 11), (173, 7, 1), (181, 7, 10), (201, 7, 10), (25, 8, 3), (32, 8, 12), (40, 8, 4), (57, 8, 8), (108, 8, 3), (124, 8, 6), (145, 8, 9), (205, 8, 8), (269, 8, 4), (279, 8, 6), (28, 9, 12), (37, 9, 11), (69, 9, 3), (71, 9, 1), (81, 9, 5), (106, 9, 12), (109, 9, 10), (133, 9, 8), (149, 9, 8), (159, 9, 11), (194, 9, 1), (216, 9, 7), (227, 9, 2), (280, 9, 9), (30, 10, 11), (52, 10, 9), (139, 10, 2), (188, 10, 7), (200, 10, 3), (208, 10, 7), (215, 10, 7), (233, 10, 11), (253, 10, 8), (255, 10, 2), (295, 10, 12), (38, 11, 5), (118, 11, 4), (123, 11, 3), (182, 11, 9), (18, 12, 6), (29, 12, 8), (95, 12, 6), (134, 12, 7), (175, 12, 7), (176, 12, 10), (193, 12, 9), (220, 12, 3), (231, 12, 12), (232, 12, 1), (291, 12, 11), (131, 13, 7), (163, 13, 12), (223, 13, 10), (2, 14, 7), (62, 14, 4), (126, 14, 9), (170, 14, 5), (190, 14, 8), (197, 14, 1), (235, 14, 8), (246, 14, 8), (1, 15, 4), (13, 15, 9), (43, 15, 10), (66, 15, 8), (112, 15, 11), (137, 15, 4), (172, 15, 1), (180, 15, 5), (278, 15, 11), (74, 16, 8), (150, 16, 4), (169, 16, 1), (294, 16, 4), (5, 17, 7), (17, 17, 12), (36, 17, 1), (59, 17, 4), (65, 17, 5), (79, 17, 4), (98, 17, 5), (104, 17, 12), (127, 17, 3), (148, 17, 4), (154, 17, 9), (213, 17, 7), (226, 17, 9), (268, 17, 12), (41, 18, 5), (67, 18, 3), (85, 18, 10), (97, 18, 4), (162, 18, 10), (217, 18, 2), (228, 18, 8), (229, 18, 6), (250, 18, 4), (257, 18, 10), (14, 19, 4), (23, 19, 1), (75, 19, 12), (84, 19, 6), (110, 19, 1), (113, 19, 1), (125, 19, 1), (152, 19, 4), (218, 19, 4), (219, 19, 9), (245, 19, 1), (265, 19, 12), (282, 19, 1), (8, 20, 1), (11, 20, 2), (48, 20, 7), (64, 20, 1), (82, 20, 12), (87, 20, 12), (107, 20, 4), (156, 20, 9), (285, 20, 6), (122, 21, 10), (132, 21, 11), (135, 21, 5), (143, 21, 3), (212, 21, 5), (234, 21, 8), (275, 21, 8), (33, 22, 7), (45, 22, 10), (46, 22, 9), (53, 22, 11), (63, 22, 10), (101, 22, 10), (138, 22, 4), (160, 22, 5), (47, 23, 8), (117, 23, 5), (142, 23, 4), (151, 23, 10), (174, 23, 12), (184, 23, 7), (202, 23, 6), (210, 23, 6), (289, 23, 6), (91, 24, 5), (114, 24, 11), (119, 24, 7), (128, 24, 8), (166, 24, 3), (259, 24, 4), (9, 25, 6), (19, 25, 11), (96, 25, 9), (158, 25, 12), (178, 25, 9), (207, 25, 12), (238, 25, 5), (287, 25, 12), (296, 25, 9), (10, 26, 11), (16, 26, 11), (42, 26, 9), (51, 26, 12), (83, 26, 11), (92, 26, 6), (171, 26, 1), (251, 26, 6), (292, 26, 6), (21, 27, 7), (34, 27, 7), (35, 27, 7), (58, 27, 11), (88, 27, 8), (129, 27, 6), (161, 27, 7), (214, 27, 10), (241, 27, 10), (258, 27, 1), (264, 27, 2), (271, 27, 12), (293, 27, 12), (78, 28, 3), (86, 28, 4), (90, 28, 12), (102, 28, 11), (147, 28, 9), (155, 28, 7), (185, 28, 11), (187, 28, 9), (192, 28, 5), (261, 28, 11), (4, 29, 2), (27, 29, 4), (49, 29, 5), (50, 29, 1), (103, 29, 2), (130, 29, 7), (153, 29, 12), (186, 29, 12), (224, 29, 11), (248, 29, 3), (273, 29, 9), (298, 29, 2), (94, 30, 10), (100, 30, 4), (111, 30, 8), (204, 30, 2), (243, 30, 12), (254, 30, 2), (276, 30, 4), (288, 30, 12), (183, 31, 8), (195, 31, 2), (230, 31, 10), (236, 31, 6), (249, 31, 9), (283, 31, 9), (284, 31